Documentation
=============

.. automodule:: reamber.algorithms.analysis.playField.parts.PFDrawNotes
    :exclude-members: COL_DICT

Column Dict
===========

This maps the columns to the respective colors. ::

    COL_DICT = [[0],
                [1,0],
                [0,2,0],
                [0,1,1,0],
                [0,1,2,1,0],
                [0,1,0,0,1,0],
                [0,1,0,2,0,1,0],
                [0,1,0,1,1,0,1,0],
                [0,1,0,1,2,1,0,1,0],
                [0,1,0,1,0,0,1,0,1,0],
                [0,1,0,1,0,2,0,1,0,1,0],
                [0,1,0,1,0,1,1,0,1,0,1,0],
                [0,1,0,1,0,1,2,1,0,1,0,1,0],
                [0,1,0,1,0,1,0,0,1,0,1,0,1,0],
                [0,1,0,1,0,1,0,2,0,1,0,1,0,1,0],
                [0,1,0,1,0,1,0,1,1,0,1,0,1,0,1,0],
                [0,1,0,1,0,1,0,1,2,1,0,1,0,1,0,1,0],
                [0,1,0,1,0,1,0,1,0,0,1,0,1,0,1,0,1,0]]
